10 5
0
Jobs 0 :
4 5 6 4 8
0 0
2 2 2 2 2
50 1 2 1 1 1
Jobs 1 :
5 7 3 5 6
0 0
2 2 2 2 2
50 1 2 1 1 1
Jobs 2 :
7 5 8 2 3
0 0
2 2 2 2 2
50 1 2 1 1 1
Jobs 3 :
4 9 7 5 3
0 0
2 2 2 2 2
50 1 2 1 1 1
Jobs 4 :
7 6 5 4 2
0 0
2 2 2 2 2
50 1 2 1 1 1
Jobs 5 :
3 6 5 2 1
0 0
2 2 2 2 2
50 1 2 1 1 1
Jobs 6 :
8 5 4 6 2
0 0
2 2 2 2 2
50 1 2 1 1 1
Jobs 7 :
4 9 7 5 3
0 0
2 2 2 2 2
50 1 2 1 1 1
Jobs 9 :
7 5 6 4 2
0 0
2 2 2 2 2
50 1 2 1 1 1
Jobs 10 :
3 6 7 4 2
0 0
2 2 2 2 2
50 1 2 1 1 1
Distancier :
0	0
0	
5	0	
1	1	0
5	7	9	0
5	7	9	7	0
5	7	9	7	8	0
5	7	9	8	7	9	0
4	8	7	6	5	7	9	0
9	7	8	4	2	5	1	2	0
7	9	8	5	1	2	4	1	2	0