100 10
200000
Jobs 0 :
6 11 6 13 13 2 16 9 7 1 
-5 -1
4 3 2 5 3 6 5 3 4 2
218 100 1 2 3 9
Jobs 1 :
2 5 7 8 5 3 2 1 11 10 
3 -1
5 3 4 7 2 3 5 9 5 6
181 100 1 2 2 9
Jobs 2 :
9 8 8 12 7 6 8 10 15 8 
-4 -1
6 1 3 2 4 4 6 4 1 6
246 100 1 2 3 9
Jobs 3 :
13 3 5 5 7 4 3 8 9 5 
-2 -3
5 8 8 5 5 6 4 4 2 6
234 100 1 2 9 9
Jobs 4 :
5 3 6 10 13 2 5 7 6 15 
4 1
5 5 7 5 7 5 3 3 2 4
248 100 1 2 6 9
Jobs 5 :
13 3 4 14 10 5 5 5 9 13 
4 0
2 6 7 5 1 1 8 3 1 5
295 100 1 2 5 9
Jobs 6 :
9 8 8 10 2 5 5 1 6 1 
-3 -4
7 6 7 2 9 8 8 7 8 3
300 100 1 2 6 9
Jobs 7 :
6 6 4 10 9 13 3 8 5 4 
-1 2
7 2 7 3 6 2 9 2 4 8
208 100 1 2 4 9
Jobs 8 :
3 8 1 11 14 9 7 3 5 6 
3 3
6 1 4 8 4 6 7 9 6 5
252 100 1 2 3 9
Jobs 9 :
8 4 9 9 15 11 9 5 6 12 
-2 5
1 1 1 1 7 3 4 5 2 7
221 100 1 2 2 9
Jobs 10 :
3 12 11 2 8 11 1 7 2 17 
-1 4
2 6 4 3 8 6 3 4 5 8
379 100 1 2 3 9
Jobs 11 :
4 6 11 7 1 9 8 9 8 15 
2 0
6 3 2 2 4 3 5 7 6 2
358 100 1 2 7 9
Jobs 12 :
11 16 10 5 9 5 11 10 12 6 
-4 -3
1 5 3 4 6 2 5 4 4 3
225 100 1 2 4 9
Jobs 13 :
14 17 6 10 6 6 12 9 9 5 
-3 0
6 3 5 3 4 7 4 8 5 4
219 100 1 2 3 9
Jobs 14 :
15 9 6 9 2 15 16 6 13 5 
3 -2
6 5 7 1 6 1 5 7 2 6
305 100 1 2 5 9
Jobs 15 :
7 3 10 13 2 4 8 7 9 4 
5 5
4 2 4 4 5 3 6 4 1 2
382 100 1 2 5 9
Jobs 16 :
1 6 8 3 5 3 6 2 3 8 
3 1
6 5 5 4 2 5 2 6 6 7
362 100 1 2 4 9
Jobs 17 :
4 8 7 15 12 8 7 3 3 2 
-2 4
5 4 4 5 1 2 3 5 8 2
391 100 1 2 4 9
Jobs 18 :
10 4 12 5 4 4 9 3 7 13 
0 1
2 5 5 1 6 3 5 5 7 5
381 100 1 2 5 9
Jobs 19 :
7 4 3 8 10 8 6 7 1 1 
4 -1
6 6 4 4 3 4 2 2 3 6
331 100 1 2 7 9
Jobs 20 :
6 4 14 6 6 5 15 3 15 4 
-1 -4
4 4 4 3 2 3 2 2 8 4
481 100 1 2 6 9
Jobs 21 :
8 2 14 13 3 5 15 5 7 5 
4 -1
6 2 7 2 3 5 5 7 4 8
323 100 1 2 8 9
Jobs 22 :
8 9 5 2 7 13 6 6 5 5 
5 -3
6 3 5 5 8 8 3 2 4 6
338 100 1 2 4 9
Jobs 23 :
2 3 1 8 6 8 4 11 6 9 
2 5
4 4 5 6 2 5 4 5 2 4
404 100 1 2 4 9
Jobs 24 :
6 6 6 2 5 5 11 9 5 2 
3 -5
2 3 3 1 4 3 1 2 5 4
556 100 1 2 2 9
Jobs 25 :
4 8 2 4 6 7 8 15 3 8 
4 1
3 5 4 3 3 2 2 5 5 7
328 100 1 2 6 9
Jobs 26 :
5 1 6 1 1 12 1 9 17 9 
2 3
4 5 2 2 1 6 7 2 3 2
586 100 1 2 2 9
Jobs 27 :
6 5 16 3 11 8 9 8 6 15 
1 0
7 5 4 3 4 7 5 4 5 4
645 100 1 2 1 9
Jobs 28 :
1 7 3 9 10 1 7 5 13 13 
5 1
3 8 4 6 4 6 4 4 7 4
461 100 1 2 6 9
Jobs 29 :
10 4 4 11 7 2 1 9 13 9 
3 -2
4 5 8 3 6 2 7 4 5 2
525 100 1 2 9 9
Jobs 30 :
6 11 3 12 12 4 11 6 2 13 
-1 -1
1 6 8 9 7 5 5 1 6 5
392 100 1 2 4 9
Jobs 31 :
5 3 8 8 10 6 5 8 9 6 
1 4
2 5 4 6 8 2 6 6 5 5
487 100 1 2 6 9
Jobs 32 :
11 8 6 3 8 9 8 9 9 1 
-5 -5
4 1 5 3 4 5 4 7 4 5
494 100 1 2 4 9
Jobs 33 :
9 11 1 5 9 5 6 8 11 7 
-5 2
4 1 6 1 2 3 8 4 4 2
676 100 1 2 3 9
Jobs 34 :
6 3 6 3 2 3 4 14 10 6 
0 5
2 3 3 4 4 4 3 4 6 7
596 100 1 2 2 9
Jobs 35 :
9 5 12 8 13 6 6 3 16 13 
0 1
1 6 7 7 10 3 6 8 5 3
559 100 1 2 5 9
Jobs 36 :
6 12 8 7 4 10 8 6 5 10 
-3 -1
3 6 7 5 3 4 5 3 2 4
770 100 1 2 5 9
Jobs 37 :
8 7 10 2 6 6 7 4 8 6 
0 0
3 1 3 3 1 5 1 7 5 1
515 100 1 2 5 9
Jobs 38 :
3 11 3 11 3 11 9 10 6 7 
-1 1
4 4 6 2 6 9 5 5 8 4
523 100 1 2 5 9
Jobs 39 :
14 5 2 5 10 10 2 7 3 5 
-5 4
3 3 2 5 7 2 5 5 5 3
579 100 1 2 6 9
Jobs 40 :
6 18 8 11 5 7 2 4 2 9 
3 -2
8 2 3 8 5 1 4 4 7 5
653 100 1 2 3 9
Jobs 41 :
14 10 6 6 16 10 16 8 8 13 
1 2
6 2 5 6 5 4 8 1 6 5
633 100 1 2 4 9
Jobs 42 :
7 3 10 11 8 10 4 6 3 9 
5 -1
5 4 1 1 5 3 3 5 7 3
636 100 1 2 4 9
Jobs 43 :
4 10 7 5 13 8 12 9 7 8 
-3 1
7 4 5 6 7 5 3 1 5 4
574 100 1 2 1 9
Jobs 44 :
13 9 4 11 6 1 10 5 5 4 
5 -3
7 1 5 3 4 2 5 1 2 2
568 100 1 2 7 9
Jobs 45 :
7 8 5 14 1 1 2 15 1 10 
-5 0
3 6 10 4 3 7 6 5 5 3
699 100 1 2 4 9
Jobs 46 :
11 5 11 10 2 4 4 2 2 2 
1 -1
7 4 4 3 5 4 3 5 4 6
894 100 1 2 3 9
Jobs 47 :
8 8 11 5 6 4 10 10 5 10 
0 -2
6 3 4 7 4 8 5 6 4 6
551 100 1 2 2 9
Jobs 48 :
4 9 12 6 10 9 5 10 4 6 
5 0
4 2 7 3 6 7 7 4 4 5
664 100 1 2 4 9
Jobs 49 :
6 6 11 7 7 9 9 10 3 7 
-5 0
4 5 5 6 7 1 7 5 4 4
666 100 1 2 6 9
Jobs 50 :
12 10 4 14 12 9 8 11 5 9 
3 2
1 5 3 4 3 9 5 6 9 3
703 100 1 2 6 9
Jobs 51 :
10 3 6 4 8 3 1 8 6 8 
-3 -4
4 6 2 4 5 2 6 3 8 2
769 100 1 2 7 9
Jobs 52 :
6 8 13 7 3 7 7 13 10 9 
-3 5
3 5 3 5 7 5 3 1 5 4
710 100 1 2 8 9
Jobs 53 :
9 8 9 4 4 13 8 9 5 8 
4 -3
4 5 4 5 6 1 4 2 7 3
959 100 1 2 6 9
Jobs 54 :
11 10 8 9 8 8 12 3 8 2 
-5 1
4 7 1 6 4 6 7 4 4 6
606 100 1 2 6 9
Jobs 55 :
15 3 10 2 5 9 8 8 9 10 
3 1
2 6 6 3 7 3 3 4 5 4
659 100 1 2 4 9
Jobs 56 :
7 5 7 5 6 8 7 9 8 5 
-5 -3
2 4 7 4 6 7 6 3 3 4
1055 100 1 2 1 9
Jobs 57 :
9 10 6 9 5 10 6 6 5 2 
2 -5
6 2 7 4 3 7 3 4 7 3
924 100 1 2 6 9
Jobs 58 :
7 3 2 11 4 10 5 10 6 8 
-4 -3
7 4 6 6 9 6 7 7 5 1
658 100 1 2 2 9
Jobs 59 :
5 4 5 6 3 12 12 2 4 13 
-4 5
5 8 5 5 5 2 8 4 6 7
1090 100 1 2 3 9
Jobs 60 :
3 4 15 1 7 11 11 8 10 7 
-5 4
8 4 6 1 7 5 3 4 7 5
912 100 1 2 8 9
Jobs 61 :
1 10 8 7 1 15 6 2 15 7 
1 -4
4 2 3 4 3 4 7 5 5 3
850 100 1 2 3 9
Jobs 62 :
11 2 5 5 3 9 10 4 11 5 
-5 5
5 7 6 2 5 1 4 8 2 4
1074 100 1 2 3 9
Jobs 63 :
14 8 7 9 9 9 9 6 3 8 
-2 5
6 5 6 6 5 3 3 5 6 3
848 100 1 2 1 9
Jobs 64 :
2 5 12 7 8 13 9 2 8 10 
4 -3
5 5 3 6 1 4 1 8 5 3
724 100 1 2 4 9
Jobs 65 :
8 3 4 6 12 12 10 7 12 3 
-5 -1
4 6 2 6 7 5 9 5 8 4
1053 100 1 2 7 9
Jobs 66 :
7 3 6 6 9 8 9 5 5 7 
1 -3
7 1 5 6 8 5 5 7 4 4
709 100 1 2 4 9
Jobs 67 :
5 5 6 5 17 7 10 9 8 11 
1 4
5 3 2 7 3 8 2 6 3 3
818 100 1 2 5 9
Jobs 68 :
5 5 5 16 1 4 6 3 4 11 
-2 -1
6 6 6 3 1 5 5 4 3 1
755 100 1 2 3 9
Jobs 69 :
4 13 5 5 11 2 6 8 4 5 
5 5
4 3 1 7 2 3 6 4 6 4
997 100 1 2 3 9
Jobs 70 :
1 4 12 11 8 13 13 7 13 7 
5 -4
4 5 4 1 4 4 8 2 6 2
1163 100 1 2 6 9
Jobs 71 :
12 7 10 8 3 7 2 6 10 4 
-4 -2
4 4 1 4 5 5 4 7 5 1
1075 100 1 2 4 9
Jobs 72 :
9 6 3 3 4 6 8 7 7 6 
-4 5
4 1 6 8 3 2 5 3 8 7
840 100 1 2 2 9
Jobs 73 :
9 4 3 5 7 8 9 10 13 1 
2 -1
2 5 6 5 4 2 5 6 6 3
1169 100 1 2 4 9
Jobs 74 :
13 13 11 9 11 8 11 12 11 6 
3 2
4 6 5 5 5 5 8 7 2 3
1009 100 1 2 3 9
Jobs 75 :
10 14 11 7 9 5 19 4 3 7 
0 1
2 1 7 6 5 4 3 3 7 5
835 100 1 2 7 9
Jobs 76 :
13 1 9 10 10 10 11 1 5 12 
4 -3
3 6 5 3 6 3 5 4 2 3
1049 100 1 2 1 9
Jobs 77 :
9 13 13 11 5 7 2 10 8 12 
-2 3
3 4 4 9 5 4 1 8 5 2
1173 100 1 2 4 9
Jobs 78 :
15 15 8 8 8 5 6 3 10 7 
5 -2
3 1 2 4 4 4 3 1 4 4
1179 100 1 2 9 9
Jobs 79 :
10 4 13 9 10 7 10 4 6 4 
-3 -4
6 3 6 8 4 2 1 7 6 6
1372 100 1 2 5 9
Jobs 80 :
12 11 12 4 5 7 5 10 5 14 
0 -1
1 8 7 5 2 4 6 3 4 3
1131 100 1 2 5 9
Jobs 81 :
12 6 2 1 6 10 11 8 13 9 
0 0
5 4 3 8 3 2 2 5 2 2
936 100 1 2 4 9
Jobs 82 :
8 5 6 11 5 14 8 6 15 6 
-1 1
6 7 5 5 4 4 8 5 7 3
1393 100 1 2 8 9
Jobs 83 :
5 10 8 7 9 6 5 7 7 8 
5 -2
3 6 2 3 5 7 5 2 5 3
1048 100 1 2 4 9
Jobs 84 :
10 4 4 7 13 8 12 9 4 14 
3 2
3 7 5 5 7 2 5 8 2 8
1147 100 1 2 4 9
Jobs 85 :
7 9 9 6 3 4 9 4 16 1 
-2 1
5 7 4 3 3 2 5 3 5 2
1295 100 1 2 4 9
Jobs 86 :
11 5 7 11 8 2 4 3 4 4 
3 -4
5 4 7 1 2 5 4 3 4 3
1096 100 1 2 3 9
Jobs 87 :
6 9 15 3 6 5 12 7 6 8 
0 -4
5 3 4 6 6 6 5 5 8 7
1242 100 1 2 3 9
Jobs 88 :
10 2 4 5 6 9 6 8 9 2 
1 0
6 3 6 3 7 2 6 6 6 6
1241 100 1 2 5 9
Jobs 89 :
8 8 13 11 4 13 7 3 12 7 
0 3
5 6 6 5 7 4 3 6 8 5
1144 100 1 2 4 9
Jobs 90 :
8 4 8 5 3 8 3 8 5 5 
-2 0
4 7 6 5 3 2 5 4 2 6
1312 100 1 2 2 9
Jobs 91 :
5 10 7 7 7 5 9 4 10 7 
-2 -3
6 3 4 6 4 2 8 5 6 5
1408 100 1 2 5 9
Jobs 92 :
11 8 9 2 10 13 3 7 6 11 
-1 -3
3 2 5 5 5 5 2 5 4 3
1251 100 1 2 5 9
Jobs 93 :
7 3 11 10 11 6 2 7 5 12 
4 3
5 2 4 1 2 3 2 8 9 5
1509 100 1 2 5 9
Jobs 94 :
20 6 9 6 3 9 10 4 6 11 
4 3
5 4 4 5 3 6 3 5 6 6
1123 100 1 2 1 9
Jobs 95 :
1 9 5 8 3 8 5 4 7 11 
-1 3
3 2 5 5 3 9 5 3 5 5
981 100 1 2 7 9
Jobs 96 :
19 11 9 4 6 7 6 2 6 5 
2 0
4 3 4 2 3 5 3 6 7 7
970 100 1 2 4 9
Jobs 97 :
10 9 8 11 8 12 9 5 10 8 
1 -1
6 2 2 3 5 5 6 5 6 7
1509 100 1 2 5 9
Jobs 98 :
8 11 9 7 3 8 13 8 6 5 
3 -1
1 7 4 3 1 6 6 3 8 3
1417 100 1 2 3 9
Jobs 99 :
6 8 9 3 7 5 8 9 17 13 
0 -1
8 1 7 1 3 3 4 5 3 7
1223 100 1 2 2 9
Distancier :
5 -4
0	
8	0	
1	7	0	
5	7	4	0	
11	3	10	10	0	
10	2	9	9	1	0	
5	9	4	2	12	11	0	
7	7	6	6	6	7	8	0	
12	4	11	11	3	4	13	5	0	
9	11	8	8	10	11	10	4	7	0	
9	9	8	8	8	9	10	2	5	2	0	
8	2	7	7	3	2	9	5	4	9	7	0	
3	9	2	2	12	11	2	8	13	10	10	9	0	
3	7	2	4	8	7	4	4	9	6	6	5	4	0	
9	1	8	6	4	3	8	8	5	12	10	3	8	8	0	
16	8	15	15	5	6	17	9	4	7	7	8	17	13	9	0	
10	2	9	9	1	2	11	5	2	9	7	2	11	7	3	6	0	
8	10	7	7	9	10	9	3	6	1	1	8	9	5	11	8	8	0	
7	5	6	6	4	5	8	2	5	6	4	3	8	4	6	9	3	5	0	
9	1	8	8	2	1	10	8	5	12	10	3	10	8	2	7	3	11	6	0	
7	7	6	2	10	9	2	6	11	10	8	7	4	6	6	15	9	9	6	8	0	
9	1	8	8	2	1	10	8	5	12	10	3	10	8	2	7	3	11	6	0	8	0	
12	4	11	7	5	4	9	11	8	15	13	6	9	11	3	8	6	14	9	3	7	3	0	
13	7	12	12	6	7	14	6	3	4	4	5	14	10	8	3	5	5	6	8	12	8	11	0	
12	4	11	7	7	6	7	11	8	15	13	6	9	11	3	12	6	14	9	5	5	5	4	11	0	
11	3	10	10	0	1	12	6	3	10	8	3	12	8	4	5	1	9	4	2	10	2	5	6	7	0	
11	5	10	10	4	5	12	4	1	6	4	3	12	8	6	5	3	5	4	6	10	6	9	2	9	4	0	
7	3	6	6	4	3	8	4	5	8	6	1	8	4	4	9	3	7	2	4	6	4	7	6	7	4	4	0	
12	4	11	11	1	2	13	7	4	11	9	4	13	9	5	4	2	10	5	3	11	3	4	7	8	1	5	5	0	
9	1	8	6	4	3	8	8	5	12	10	3	8	8	0	9	3	11	6	2	6	2	3	8	3	4	6	4	5	0	
4	4	3	3	7	6	5	3	8	7	5	4	5	3	5	12	6	6	3	5	3	5	8	9	8	7	7	3	8	5	0	
11	7	10	10	6	7	12	4	3	4	2	5	12	8	8	5	5	3	4	8	10	8	11	2	11	6	2	4	7	8	7	0	
4	12	5	5	15	14	3	11	16	13	13	12	3	7	11	20	14	12	11	13	5	13	12	17	8	15	15	11	16	11	8	15	0	
3	11	4	8	10	11	8	4	9	6	6	9	6	4	12	13	9	5	6	12	10	12	15	10	15	10	8	8	11	12	7	8	7	0	
11	9	10	10	8	9	12	4	5	2	2	7	12	8	10	5	7	3	4	10	10	10	13	2	13	8	4	6	9	10	7	2	15	8	0	
7	5	6	6	4	5	8	2	5	6	4	3	8	4	6	9	3	5	0	6	6	6	9	6	9	4	4	2	5	6	3	4	11	6	4	0	
2	6	1	3	9	8	3	5	10	7	7	6	3	1	7	14	8	6	5	7	5	7	10	11	10	9	9	5	10	7	2	9	6	5	9	5	0	
6	4	5	5	5	4	7	3	6	7	5	2	7	3	5	10	4	6	1	5	5	5	8	7	8	5	5	1	6	5	2	5	10	7	5	1	4	0	
6	6	5	5	5	6	7	1	6	5	3	4	7	3	7	10	4	4	1	7	5	7	10	7	10	5	5	3	6	7	2	5	10	5	5	1	4	2	0	
5	13	6	10	12	13	10	6	9	4	4	11	8	6	14	11	11	3	8	14	12	14	17	8	17	12	8	10	13	14	9	6	9	2	6	8	7	9	7	0	
9	1	8	6	4	3	8	8	5	12	10	3	8	8	0	9	3	11	6	2	6	2	3	8	3	4	6	4	5	0	5	8	11	12	10	6	7	5	7	14	0	
9	5	8	8	4	5	10	2	3	6	4	3	10	6	6	7	3	5	2	6	8	6	9	4	9	4	2	2	5	6	5	2	13	6	4	2	7	3	3	8	6	0	
10	2	9	9	3	2	11	9	6	13	11	4	11	9	3	6	4	12	7	1	9	1	2	9	6	3	7	5	2	3	6	9	14	13	11	7	8	6	8	15	3	7	0	
4	8	3	5	7	8	5	3	8	5	5	6	5	1	9	12	6	4	3	9	7	9	12	9	12	7	7	5	8	9	4	7	8	3	7	3	2	4	2	5	9	5	10	0	
12	4	11	7	5	4	9	11	8	15	13	6	9	11	3	8	6	14	9	3	7	3	0	11	4	5	9	7	4	3	8	11	12	15	13	9	10	8	10	17	3	9	2	12	0	
1	9	2	6	10	9	6	6	11	8	8	7	4	2	10	15	9	7	6	10	8	10	13	12	13	10	10	6	11	10	5	10	5	2	10	6	3	5	5	4	10	8	11	3	13	0	
6	2	5	5	5	4	7	5	6	9	7	2	7	5	3	10	4	8	3	3	5	3	6	7	6	5	5	1	6	3	2	5	10	9	7	3	4	2	4	11	3	3	4	6	6	7	0	
6	4	5	3	7	6	5	5	8	9	7	4	5	5	3	12	6	8	3	5	3	5	6	9	6	7	7	3	8	3	2	7	8	9	7	3	4	2	4	11	3	5	6	6	6	7	2	0	
11	3	10	10	2	1	12	8	5	12	10	3	12	8	4	5	3	11	6	2	10	2	3	8	7	2	6	4	1	4	7	8	15	12	10	6	9	5	7	14	4	6	1	9	3	10	5	7	0	
1	9	2	6	10	9	6	6	11	8	8	7	4	2	10	15	9	7	6	10	8	10	13	12	13	10	10	6	11	10	5	10	5	2	10	6	3	5	5	4	10	8	11	3	13	0	7	7	10	0	
11	3	10	10	2	3	12	4	1	8	6	3	12	8	4	5	1	7	4	4	10	4	7	4	7	2	2	4	3	4	7	4	15	8	6	4	9	5	5	10	4	2	5	7	7	10	5	7	4	10	0	
5	9	4	2	12	11	0	8	13	10	10	9	2	4	8	17	11	9	8	10	2	10	9	14	7	12	12	8	13	8	5	12	3	8	12	8	3	7	7	10	8	10	11	5	9	6	7	5	12	6	12	0	
8	12	7	9	11	12	9	5	8	1	3	10	9	5	13	8	10	2	7	13	11	13	16	5	16	11	7	9	12	13	8	5	12	5	3	7	6	8	6	3	13	7	14	4	16	7	10	10	13	7	9	9	0	
11	3	10	6	4	3	8	10	7	14	12	5	8	10	2	9	5	13	8	2	6	2	1	10	3	4	8	6	5	2	7	10	11	14	12	8	9	7	9	16	2	8	3	11	1	12	5	5	4	12	6	8	15	0	
2	10	3	7	9	10	7	5	10	7	7	8	5	3	11	14	8	6	5	11	9	11	14	11	14	9	9	7	10	11	6	9	6	1	9	5	4	6	4	3	11	7	12	2	14	1	8	8	11	1	9	7	6	13	0	
10	2	9	9	1	2	11	5	2	9	7	2	11	7	3	6	0	8	3	3	9	3	6	5	6	1	3	3	2	3	6	5	14	9	7	3	8	4	4	11	3	3	4	6	6	9	4	6	3	9	1	11	10	5	8	0	
2	10	3	3	13	12	3	9	14	11	11	10	1	5	9	18	12	10	9	11	5	11	10	15	10	13	13	9	14	9	6	13	2	5	13	9	4	8	8	7	9	11	12	6	10	3	8	6	13	3	13	3	10	9	4	12	0	
11	5	10	6	8	7	6	10	9	14	12	5	8	10	4	13	7	13	8	6	4	6	5	10	1	8	8	6	9	4	7	10	7	14	12	8	9	7	9	16	4	8	7	11	5	12	5	5	8	12	8	6	15	4	13	7	9	0	
3	9	2	2	12	11	2	8	13	10	10	9	0	4	8	17	11	9	8	10	4	10	9	14	9	12	12	8	13	8	5	12	3	6	12	8	3	7	7	8	8	10	11	5	9	4	7	5	12	4	12	2	9	8	5	11	1	8	0	
7	13	6	10	12	13	10	6	9	2	4	11	8	6	14	9	11	3	8	14	12	14	17	6	17	12	8	10	13	14	9	6	11	4	4	8	7	9	7	2	14	8	15	5	17	6	11	11	14	6	10	10	1	16	5	11	9	16	8	0	
5	13	6	10	12	13	10	6	9	4	4	11	8	6	14	11	11	3	8	14	12	14	17	8	17	12	8	10	13	14	9	6	9	2	6	8	7	9	7	0	14	8	15	5	17	4	11	11	14	4	10	10	3	16	3	11	7	16	8	2	0	
9	5	8	4	8	7	4	8	9	12	10	5	6	8	4	13	7	11	6	6	2	6	5	10	3	8	8	4	9	4	5	8	7	12	10	6	7	5	7	14	4	6	7	9	5	10	3	3	8	10	8	4	13	4	11	7	7	2	6	14	14	0	
6	14	7	11	13	14	11	7	10	3	5	12	9	7	15	10	12	4	9	15	13	15	18	7	18	13	9	11	14	15	10	7	10	3	5	9	8	10	8	1	15	9	16	6	18	5	12	12	15	5	11	11	2	17	4	12	8	17	9	1	1	15	0	
9	11	8	8	10	11	10	4	7	0	2	9	10	6	12	7	9	1	6	12	10	12	15	4	15	10	6	8	11	12	7	4	13	6	2	6	7	7	5	4	12	6	13	5	15	8	9	9	12	8	8	10	1	14	7	9	11	14	10	2	4	12	3	0	
11	3	10	6	4	3	8	10	7	14	12	5	8	10	2	9	5	13	8	2	6	2	1	10	3	4	8	6	5	2	7	10	11	14	12	8	9	7	9	16	2	8	3	11	1	12	5	5	4	12	6	8	15	0	13	5	9	4	8	16	16	4	17	14	0	
0	8	1	5	11	10	5	7	12	9	9	8	3	3	9	16	10	8	7	9	7	9	12	13	12	11	11	7	12	9	4	11	4	3	11	7	2	6	6	5	9	9	10	4	12	1	6	6	11	1	11	5	8	11	2	10	2	11	3	7	5	9	6	9	11	0	
8	4	7	3	7	6	5	7	8	11	9	4	5	7	3	12	6	10	5	5	3	5	4	9	4	7	7	3	8	3	4	7	8	11	9	5	6	4	6	13	3	5	6	8	4	9	2	2	7	9	7	5	12	3	10	6	6	3	5	13	13	1	14	11	3	8	0	
11	7	10	10	6	7	12	4	3	4	2	5	12	8	8	5	5	3	4	8	10	8	11	2	11	6	2	4	7	8	7	0	15	8	2	4	9	5	5	6	8	2	9	7	11	10	5	7	8	10	4	12	5	10	9	5	13	10	12	6	6	8	7	4	10	11	7	0	
3	5	2	2	8	7	4	4	9	6	6	5	4	2	6	13	7	5	4	6	4	6	9	10	9	8	8	4	9	6	1	8	7	6	8	4	1	3	3	8	6	6	7	3	9	4	3	3	8	4	8	4	7	8	5	7	5	8	4	8	8	6	9	6	8	3	5	8	0	
16	8	15	15	5	6	17	9	4	7	7	8	17	13	9	0	6	8	9	7	15	7	8	3	12	5	5	9	4	9	12	5	20	13	5	9	14	10	10	11	9	7	6	12	8	15	10	12	5	15	5	17	8	9	14	6	18	13	17	9	11	13	10	7	9	16	12	5	13	0	
13	5	12	8	6	5	8	12	9	16	14	7	10	12	4	9	7	15	10	4	6	4	1	12	3	6	10	8	5	4	9	12	11	16	14	10	11	9	11	18	4	10	3	13	1	14	7	7	4	14	8	8	17	2	15	7	11	4	10	18	18	4	19	16	2	13	5	12	10	9	0	
2	8	1	3	11	10	3	7	12	9	9	8	1	3	7	16	10	8	7	9	5	9	10	13	10	11	11	7	12	7	4	11	4	5	11	7	2	6	6	7	7	9	10	4	10	3	6	4	11	3	11	3	8	9	4	10	2	9	1	7	7	7	8	9	9	2	6	11	3	16	11	0	
7	13	6	10	12	13	10	6	9	2	4	11	8	6	14	9	11	3	8	14	12	14	17	6	17	12	8	10	13	14	9	6	11	4	4	8	7	9	7	2	14	8	15	5	17	6	11	11	14	6	10	10	1	16	5	11	9	16	8	0	2	14	1	2	16	7	13	6	8	9	18	7	0	
7	1	6	6	4	3	8	6	5	10	8	1	8	6	2	9	3	9	4	2	6	2	5	6	5	4	4	2	5	2	3	6	11	10	8	4	5	3	5	12	2	4	3	7	5	8	1	3	4	8	4	8	11	4	9	3	9	4	8	12	12	4	13	10	4	7	3	6	4	9	6	7	12	0	
11	3	10	10	2	3	12	4	1	8	6	3	12	8	4	5	1	7	4	4	10	4	7	4	7	2	2	4	3	4	7	4	15	8	6	4	9	5	5	10	4	2	5	7	7	10	5	7	4	10	0	12	9	6	9	1	13	8	12	10	10	8	11	8	6	11	7	4	8	5	8	11	10	4	0	
7	5	6	6	4	5	8	2	5	6	4	3	8	4	6	9	3	5	0	6	6	6	9	6	9	4	4	2	5	6	3	4	11	6	4	0	5	1	1	8	6	2	7	3	9	6	3	3	6	6	4	8	7	8	5	3	9	8	8	8	8	6	9	6	8	7	5	4	4	9	10	7	8	4	4	0	
11	3	10	6	4	3	8	10	7	14	12	5	8	10	2	9	5	13	8	2	6	2	1	10	3	4	8	6	5	2	7	10	11	14	12	8	9	7	9	16	2	8	3	11	1	12	5	5	4	12	6	8	15	0	13	5	9	4	8	16	16	4	17	14	0	11	3	10	8	9	2	9	16	4	6	8	0	
7	9	6	6	8	9	8	2	5	2	2	7	8	4	10	9	7	1	4	10	8	10	13	6	13	8	4	6	9	10	5	4	11	4	4	4	5	5	3	4	10	4	11	3	13	6	7	7	10	6	6	8	3	12	5	7	9	12	8	4	4	10	5	2	12	7	9	4	4	9	14	7	4	8	6	4	12	0	
11	3	10	8	4	3	10	10	7	14	12	5	10	10	2	7	5	13	8	2	8	2	1	10	5	4	8	6	3	2	7	10	13	14	12	8	9	7	9	16	2	8	1	11	1	12	5	5	2	12	6	10	15	2	13	5	11	6	10	16	16	6	17	14	2	11	5	10	8	7	2	9	16	4	6	8	2	12	0	
5	9	4	2	12	11	0	8	13	10	10	9	2	4	8	17	11	9	8	10	2	10	9	14	7	12	12	8	13	8	5	12	3	8	12	8	3	7	7	10	8	10	11	5	9	6	7	5	12	6	12	0	9	8	7	11	3	6	2	10	10	4	11	10	8	5	5	12	4	17	8	3	10	8	12	8	8	8	10	0	
5	3	4	4	6	5	6	4	7	8	6	3	6	4	4	11	5	7	2	4	4	4	7	8	7	6	6	2	7	4	1	6	9	8	6	2	3	1	3	10	4	4	5	5	7	6	1	1	6	6	6	6	9	6	7	5	7	6	6	10	10	4	11	8	6	5	3	6	2	11	8	5	10	2	6	2	6	6	6	6	0	
6	4	5	5	5	4	7	3	6	7	5	2	7	3	5	10	4	6	1	5	5	5	8	7	8	5	5	1	6	5	2	5	10	7	5	1	4	0	2	9	5	3	6	4	8	5	2	2	5	5	5	7	8	7	6	4	8	7	7	9	9	5	10	7	7	6	4	5	3	10	9	6	9	3	5	1	7	5	7	7	1	0	
6	6	5	5	5	6	7	1	6	5	3	4	7	3	7	10	4	4	1	7	5	7	10	7	10	5	5	3	6	7	2	5	10	5	5	1	4	2	0	7	7	3	8	2	10	5	4	4	7	5	5	7	6	9	4	4	8	9	7	7	7	7	8	5	9	6	6	5	3	10	11	6	7	5	5	1	9	3	9	7	3	2	0	
11	3	10	8	4	3	10	10	7	14	12	5	10	10	2	7	5	13	8	2	8	2	1	10	5	4	8	6	3	2	7	10	13	14	12	8	9	7	9	16	2	8	1	11	1	12	5	5	2	12	6	10	15	2	13	5	11	6	10	16	16	6	17	14	2	11	5	10	8	7	2	9	16	4	6	8	2	12	0	10	6	7	9	0	
11	3	10	10	2	3	12	4	1	8	6	3	12	8	4	5	1	7	4	4	10	4	7	4	7	2	2	4	3	4	7	4	15	8	6	4	9	5	5	10	4	2	5	7	7	10	5	7	4	10	0	12	9	6	9	1	13	8	12	10	10	8	11	8	6	11	7	4	8	5	8	11	10	4	0	4	6	6	6	12	6	5	5	6	0	
5	7	4	4	6	7	6	2	7	4	4	5	6	2	8	11	5	3	2	8	6	8	11	8	11	6	6	4	7	8	3	6	9	4	6	2	3	3	1	6	8	4	9	1	11	4	5	5	8	4	6	6	5	10	3	5	7	10	6	6	6	8	7	4	10	5	7	6	2	11	12	5	6	6	6	2	10	2	10	6	4	3	1	10	6	0	
11	3	10	6	6	5	6	10	7	14	12	5	8	10	2	11	5	13	8	4	4	4	3	10	1	6	8	6	7	2	7	10	9	14	12	8	9	7	9	16	2	8	5	11	3	12	5	5	6	12	6	6	15	2	13	5	9	2	8	16	16	2	17	14	2	11	3	10	8	11	2	9	16	4	6	8	2	12	4	6	6	7	9	4	6	10	0	
8	6	7	3	9	8	3	7	10	11	9	6	5	7	5	14	8	10	5	7	1	7	6	11	4	9	9	5	10	5	4	9	6	11	9	5	6	4	6	13	5	7	8	8	6	9	4	2	9	9	9	3	12	5	10	8	6	3	5	13	13	1	14	11	5	8	2	9	5	14	5	6	13	5	9	5	5	9	7	3	3	4	6	7	9	7	3	0	
7	3	6	6	4	3	8	4	5	8	6	1	8	4	4	9	3	7	2	4	6	4	7	6	7	4	4	0	5	4	3	4	11	8	6	2	5	1	3	10	4	2	5	5	7	6	1	3	4	6	4	8	9	6	7	3	9	6	8	10	10	4	11	8	6	7	3	4	4	9	8	7	10	2	4	2	6	6	6	8	2	1	3	6	4	4	6	5	0	
9	7	8	8	6	7	10	2	3	4	2	5	10	6	8	7	5	3	2	8	8	8	11	4	11	6	2	4	7	8	5	2	13	6	2	2	7	3	3	6	8	2	9	5	11	8	5	5	8	8	4	10	5	10	7	5	11	10	10	6	6	8	7	4	10	9	7	2	6	7	12	9	6	6	4	2	10	2	10	10	4	3	3	10	4	4	10	7	4	0	
4	6	3	3	7	6	5	3	8	5	5	4	5	1	7	12	6	4	3	7	5	7	10	9	10	7	7	3	8	7	2	7	8	5	7	3	2	2	2	7	7	5	8	2	10	3	4	4	7	3	7	5	6	9	4	6	6	9	5	7	7	7	8	5	9	4	6	7	1	12	11	4	7	5	7	3	9	3	9	5	3	2	2	9	7	1	9	6	3	5	0	
5	7	4	0	10	9	2	6	11	8	8	7	2	4	6	15	9	7	6	8	2	8	7	12	7	10	10	6	11	6	3	10	5	8	10	6	3	5	5	10	6	8	9	5	7	6	5	3	10	6	10	2	9	6	7	9	3	6	2	10	10	4	11	8	6	5	3	10	2	15	8	3	10	6	10	6	6	6	8	2	4	5	5	8	10	4	6	3	6	8	3	0	
6	6	5	1	9	8	3	5	10	9	7	6	3	5	5	14	8	8	5	7	1	7	6	11	6	9	9	5	10	5	2	9	6	9	9	5	4	4	4	11	5	7	8	6	6	7	4	2	9	7	9	3	10	5	8	8	4	5	3	11	11	3	12	9	5	6	2	9	3	14	7	4	11	5	9	5	5	7	7	3	3	4	4	7	9	5	5	2	5	7	4	1	0	
13	5	12	12	2	3	14	6	1	8	6	5	14	10	6	3	3	7	6	4	12	4	7	4	9	2	2	6	3	6	9	4	17	10	6	6	11	7	7	10	6	4	5	9	7	12	7	9	4	12	2	14	9	6	11	3	15	10	14	10	10	10	11	8	6	13	9	4	10	3	8	13	10	6	2	6	6	6	6	14	8	7	7	6	2	8	8	11	6	4	9	12	11	0	
13	5	12	12	2	3	14	6	1	8	6	5	14	10	6	3	3	7	6	4	12	4	7	4	9	2	2	6	3	6	9	4	17	10	6	6	11	7	7	10	6	4	5	9	7	12	7	9	4	12	2	14	9	6	11	3	15	10	14	10	10	10	11	8	6	13	9	4	10	3	8	13	10	6	2	6	6	6	6	14	8	7	7	6	2	8	8	11	6	4	9	12	11	0	0	
8	8	7	7	7	8	9	1	4	3	1	6	9	5	9	8	6	2	3	9	7	9	12	5	12	7	3	5	8	9	4	3	12	5	3	3	6	4	2	5	9	3	10	4	12	7	6	6	9	7	5	9	4	11	6	6	10	11	9	5	5	9	6	3	11	8	8	3	5	8	13	8	5	7	5	3	11	1	11	9	5	4	2	11	5	3	11	8	5	1	4	7	6	5	5	0	
8	2	7	7	3	2	9	5	4	9	7	0	9	5	3	8	2	8	3	3	7	3	6	5	6	3	3	1	4	3	4	5	12	9	7	3	6	2	4	11	3	3	4	6	6	7	2	4	3	7	3	9	10	5	8	2	10	5	9	11	11	5	12	9	5	8	4	5	5	8	7	8	11	1	3	3	5	7	5	9	3	2	4	5	3	5	5	6	1	5	4	7	6	5	5	6	0	
6	2	5	5	5	4	7	5	6	9	7	2	7	5	3	10	4	8	3	3	5	3	6	7	6	5	5	1	6	3	2	5	10	9	7	3	4	2	4	11	3	3	4	6	6	7	0	2	5	7	5	7	10	5	8	4	8	5	7	11	11	3	12	9	5	6	2	5	3	10	7	6	11	1	5	3	5	7	5	7	1	2	4	5	5	5	5	4	1	5	4	5	4	7	7	6	2	0	
8	0	7	7	3	2	9	7	4	11	9	2	9	7	1	8	2	10	5	1	7	1	4	7	4	3	5	3	4	1	4	7	12	11	9	5	6	4	6	13	1	5	2	8	4	9	2	4	3	9	3	9	12	3	10	2	10	5	9	13	13	5	14	11	3	8	4	7	5	8	5	8	13	1	3	5	3	9	3	9	3	4	6	3	3	7	3	6	3	7	6	7	6	5	5	8	2	2	0	
5	3	4	4	6	5	6	4	7	8	6	3	6	4	4	11	5	7	2	4	4	4	7	8	7	6	6	2	7	4	1	6	9	8	6	2	3	1	3	10	4	4	5	5	7	6	1	1	6	6	6	6	9	6	7	5	7	6	6	10	10	4	11	8	6	5	3	6	2	11	8	5	10	2	6	2	6	6	6	6	0	1	3	6	6	4	6	3	2	4	3	4	3	8	8	5	3	1	3	0	
13	5	12	8	6	5	8	12	9	16	14	7	10	12	4	9	7	15	10	4	6	4	1	12	3	6	10	8	5	4	9	12	11	16	14	10	11	9	11	18	4	10	3	13	1	14	7	7	4	14	8	8	17	2	15	7	11	4	10	18	18	4	19	16	2	13	5	12	10	9	0	11	18	6	8	10	2	14	2	8	8	9	11	2	8	12	2	5	8	12	11	8	7	8	8	13	7	7	5	8	0	
